25,8,
1:5,6,8,9,12,15,16,20,22,25,
2:3,5,6,7,8,9,10,11,12,13,14,15,19,20,22,23,24,25,
3:2,4,7,8,10,11,12,13,15,17,21,22,23,24,25,
4:3,6,8,9,12,13,14,15,20,21,24,25,
5:1,2,6,8,9,10,14,15,23,24,
6:1,2,4,5,8,16,17,18,22,25,
7:2,3,17,18,20,21,22,24,25,
8:1,2,3,4,5,6,10,11,12,14,15,17,25,
9:1,2,4,5,12,15,16,17,22,23,
10:2,3,5,8,14,15,17,19,20,22,23,
11:2,3,8,12,15,17,19,20,21,22,
12:1,2,3,4,8,9,11,14,15,17,21,23,
13:2,3,4,15,17,20,21,
14:2,4,5,8,10,12,15,16,17,18,19,23,
15:1,2,3,4,5,8,9,10,11,12,13,14,16,19,21,22,24,25,
16:1,6,9,14,15,19,21,22,23,24,25,
17:3,6,7,8,9,10,11,12,13,14,18,19,23,
18:6,7,14,17,20,21,23,24,
19:2,10,11,14,15,16,17,22,23,
20:1,2,4,7,10,11,13,18,22,23,25,
21:3,4,7,11,12,13,15,16,18,23,
22:1,2,3,6,7,9,10,11,15,16,19,20,24,25,
23:2,3,5,9,10,12,14,16,17,18,19,20,21,
24:2,3,4,5,7,15,16,18,22,25,
25:1,2,3,4,6,7,8,15,16,20,22,24,
