20,5,
1:3,4,8,9,10,14,16,18,19,
2:3,5,6,8,9,10,11,13,14,18,19,
3:1,2,6,12,14,17,
4:1,6,7,10,11,12,15,16,17,18,19,20,
5:2,6,7,9,10,17,20,
6:2,3,4,5,7,8,9,10,14,17,18,19,
7:4,5,6,9,10,12,14,15,17,18,
8:1,2,6,10,15,16,18,19,20,
9:1,2,5,6,7,13,14,15,20,
10:1,2,4,5,6,7,8,11,12,13,14,15,18,19,20,
11:2,4,10,12,13,14,15,18,19,20,
12:3,4,7,10,11,13,14,15,16,17,18,20,
13:2,9,10,11,12,14,15,16,17,
14:1,2,3,6,7,9,10,11,12,13,15,16,18,20,
15:4,7,8,9,10,11,12,13,14,19,20,
16:1,4,8,12,13,14,18,19,
17:3,4,5,6,7,12,13,18,20,
18:1,2,4,6,7,8,10,11,12,14,16,17,20,
19:1,2,4,6,8,10,11,15,16,
20:4,5,8,9,10,11,12,14,15,17,18,
