20,2,
1:2,3,4,7,8,12,13,14,18,20,
2:1,3,6,8,9,10,11,12,14,15,16,18,19,
3:1,2,8,9,11,14,18,20,
4:1,5,6,9,13,17,19,20,
5:4,7,8,10,14,17,18,
6:2,4,7,8,9,10,12,17,19,20,
7:1,5,6,8,9,11,
8:1,2,3,5,6,7,9,13,15,20,
9:2,3,4,6,7,8,15,17,18,19,20,
10:2,5,6,11,12,13,14,16,19,
11:2,3,7,10,12,13,14,15,17,18,
12:1,2,6,10,11,
13:1,4,8,10,11,14,15,16,18,19,
14:1,2,3,5,10,11,13,16,17,19,
15:2,8,9,11,13,18,19,20,
16:2,10,13,14,17,18,19,20,
17:4,5,6,9,11,14,16,18,19,20,
18:1,2,3,5,9,11,13,15,16,17,19,
19:2,4,6,9,10,13,14,15,16,17,18,
20:1,3,4,6,8,9,15,16,17,
