25,2,
1:5,6,8,10,12,13,14,15,16,17,18,21,
2:3,4,5,6,7,9,10,11,12,13,15,20,21,22,24,
3:2,4,5,7,8,9,10,11,14,16,17,18,19,24,
4:2,3,6,12,15,16,17,24,
5:1,2,3,8,9,10,11,12,13,15,17,18,21,23,
6:1,2,4,8,9,10,11,12,13,14,20,21,22,23,25,
7:2,3,8,9,10,11,13,14,16,20,21,22,25,
8:1,3,5,6,7,9,10,11,12,13,14,15,16,18,22,23,24,
9:2,3,5,6,7,8,10,12,13,14,16,17,18,20,21,
10:1,2,3,5,6,7,8,9,11,12,13,18,21,23,
11:2,3,5,6,7,8,10,18,19,20,
12:1,2,4,5,6,8,9,10,15,16,18,19,21,22,23,24,
13:1,2,5,6,7,8,9,10,14,16,17,18,19,20,21,22,23,25,
14:1,3,6,7,8,9,13,17,19,22,23,24,25,
15:1,2,4,5,8,12,16,17,21,
16:1,3,4,7,8,9,12,13,15,17,18,19,20,21,25,
17:1,3,4,5,9,13,14,15,16,18,19,20,21,22,24,
18:1,3,5,8,9,10,11,12,13,16,17,21,22,23,25,
19:3,11,12,13,14,16,17,24,
20:2,6,7,9,11,13,16,17,25,
21:1,2,5,6,7,9,10,12,13,15,16,17,18,22,25,
22:2,6,7,8,12,13,14,17,18,21,23,24,
23:5,6,8,10,12,13,14,18,22,24,
24:2,3,4,8,12,14,17,19,22,23,
25:6,7,13,14,16,18,20,21,
