20,8,
1:2,3,4,5,6,7,11,17,19,20,
2:1,3,4,5,8,9,10,11,12,14,16,17,18,
3:1,2,5,7,8,9,11,12,13,17,18,19,20,
4:1,2,7,8,9,11,14,15,17,
5:1,2,3,7,8,9,10,11,12,14,15,18,19,
6:1,7,8,9,12,13,14,15,18,
7:1,3,4,5,6,8,10,11,15,16,17,19,20,
8:2,3,4,5,6,7,11,13,15,16,17,
9:2,3,4,5,6,11,13,14,15,16,17,20,
10:2,5,7,15,17,18,19,20,
11:1,2,3,4,5,7,8,9,13,16,17,18,19,20,
12:2,3,5,6,13,14,17,18,19,
13:3,6,8,9,11,12,14,15,18,20,
14:2,4,5,6,9,12,13,15,17,19,
15:4,5,6,7,8,9,10,13,14,16,17,19,20,
16:2,7,8,9,11,15,17,19,
17:1,2,3,4,7,8,9,10,11,12,14,15,16,
18:2,3,5,6,10,11,12,13,
19:1,3,5,7,10,11,12,14,15,16,20,
20:1,3,7,9,10,11,13,15,19,
