25,5,
1:2,3,7,8,11,12,13,14,17,18,19,22,23,24,
2:1,3,5,6,8,9,10,12,16,17,18,19,24,25,
3:1,2,6,8,10,11,12,14,21,23,25,
4:6,9,13,18,21,
5:2,13,16,17,19,21,23,
6:2,3,4,7,8,9,10,11,12,14,15,18,
7:1,6,10,11,12,13,16,17,19,21,23,24,25,
8:1,2,3,6,9,12,15,16,19,23,24,25,
9:2,4,6,8,12,14,17,18,20,22,23,25,
10:2,3,6,7,11,12,14,15,16,17,18,21,23,
11:1,3,6,7,10,12,13,14,15,18,19,20,21,22,23,
12:1,2,3,6,7,8,9,10,11,13,15,16,18,20,22,23,
13:1,4,5,7,11,12,15,19,20,21,23,24,25,
14:1,3,6,9,10,11,19,21,22,25,
15:6,8,10,11,12,13,16,19,20,21,23,24,25,
16:2,5,7,8,10,12,15,18,20,21,22,23,
17:1,2,5,7,9,10,18,19,20,21,22,
18:1,2,4,6,9,10,11,12,16,17,19,21,23,24,
19:1,2,5,7,8,11,13,14,15,17,18,21,22,25,
20:9,11,12,13,15,16,17,
21:3,4,5,7,10,11,13,14,15,16,17,18,19,22,23,24,
22:1,9,11,12,14,16,17,19,21,25,
23:1,3,5,7,8,9,10,11,12,13,15,16,18,21,24,
24:1,2,7,8,13,15,18,21,23,
25:2,3,7,8,9,13,14,15,19,22,
